66285560
30091847
34073458
36185639
37313541
31514532
34369930
46025905
45827504
Seed: 6770

74088025
48556027
37873549
42580622
30712342
30073890
48110988
54727887
62585223
Seed: 1002

82758756
43807820
45281993
41362185
43051046
41002444
57998646
62135701
86104796
Seed: 7878

72632469
43923631
40551422
36009937
32830189
56031471
47785847
46643164
55934373
Seed: 3971

51732101
28721856
17637340
39720068
45064670
37010675
32002679
47221773
60857761
Seed: 4115

89972739
49494503
40934235
34109809
37068200
38501893
48490486
53586731
74552381
Seed: 4209

74376684
22756453
32318310
35872295
62821518
41064825
40398457
52679814
72966821
Seed: 1874

83017369
46981441
39464293
42644741
47823294
44251488
56995720
69402994
76990132
Seed: 3493

69089578
26157173
40861594
33982577
28283197
32975366
38679243
41058540
46601151
Seed: 8543

65819961
40077007
37343082
27470330
23366927
21604170
28748457
57697639
50012872
Seed: 8099


------------
68862411
15036890
19855774
47919151
38918485
56698423
54592443
45794700
57655785
66729307
65592301
63600736
81372282
69728606
70076260
Seed: 6287
14110829
11802608
11192840
21512148
21622215
36684555
29943739
46151799
50111025
66202473
67660789
87151112
89886265
93988611
117528875
Seed: 8403
6762608
11080056
15289835
19255280
22623897
39632051
48322438
51918796
53888962
68085622
61206251
79557036
93331472
120970308
143110863
Seed: 4391
6238999
10787163
17408819
21434123
31188091
33649531
39459914
55285836
56145895
51682269
71132036
59692258
72805443
82061973
103828040
Seed: 5472
4985905
13669873
18801187
15888932
30753391
33108144
41937228
48834908
40701636
51320730
72498863
49575556
71812704
72510382
92346933
Seed: 8414
7682978
6666566
16858147
18912596
24265763
38535512
26789322
46612844
41276230
54641342
66581776
80879753
77987240
112764108
136726897
Seed: 8928
4986731
8976127
14411748
19304203
15921850
26308160
49849394
41639024
38780188
40075512
36906146
77609671
57299567
69061997
102483902
Seed: 3394
6378913
10490125
14206063
22840425
27848004
39491222
48925807
80362654
67977662
69161488
63099121
80739014
90566054
106055315
101491724
Seed: 6174
7646901
9852911
6836857
10372175
26617258
26237463
34280340
57963282
67422937
67256127
60426949
59269625
55056783
57867460
82363403
Seed: 5120
2551120
8076602
10768132
9487445
15037215
15304417
30294150
36284988
40645985
38847497
43018064
57161813
78202638
68613716
106800476
Seed: 8228

---------------------

961.2499999999999
961.54
957.69
965.5699999999999
947.9699999999999
908.015
917.6500000000001
919.2799999999997
920.19
898.8900000000006
895.0250000000002
881.5900000000001
879.1650000000005
865.1000000000001
850.6949999999999

6021224
9964466
12283906
15385697
22962011
24270666
24659080
33993064
44882139
57300229
54847142
71011082
83557404
90675704
77387977
Seed: 4894


1023.2649999999991
1020.0199999999996
982.255
964.985
964.985
952.8250000000005
923.6550000000002
906.9850000000006
903.6449999999999
898.1549999999999
906.9349999999994
913.7449999999998
906.8599999999998
877.1950000000003
863.4999999999998

9687540
14916735
18306573
28887826
29919064
26037861
32481043
57542272
58941580
52208726
64577640
66453659
92959673
106576240
106600226
Seed: 1448


893.0750000000002
897.8050000000002
883.0649999999999
885.555
874.8799999999998
875.635
864.65
861.2699999999999
855.3150000000005
855.5000000000005
854.5250000000004
840.4400000000002
838.1549999999999
824.675
818.0850000000003

5093395
11721835
11173591
16672698
21931885
30990891
35576323
22843442
42642092
46492398
55833827
69258617
63960003
91793787
83396639
Seed: 5972


889.2049999999998
862.7949999999997
831.425
831.3000000000001
819.4599999999999
812.7349999999996
813.8249999999998
796.8049999999998
799.9900000000002
806.9550000000003
810.7000000000002
786.9700000000001
784.3750000000006
795.7100000000006
806.185

4233538
5458946
9975134
9696512
21969846
19667089
31552867
34929976
38802918
46398957
35890858
52310749
50482434
71913837
84539027
Seed: 7693


926.4449999999997
892.3850000000002
865.6850000000002
871.7299999999999
859.0549999999997
873.8399999999993
867.3699999999999
872.3249999999998
852.1600000000005
855.1900000000007
866.1499999999999
836.24
836.2450000000001
822.9249999999998
816.2299999999992

9318812
10233601
5408155
15351478
13746148
29820309
34936440
37090837
41193486
54435744
58935281
73323375
69523336
76734824
90243808
Seed: 5247


885.76
870.3249999999997
861.6299999999999
854.8099999999998
827.6899999999998
833.1099999999997
825.8849999999996
820.9049999999997
802.2449999999994
805.2999999999998
806.9949999999999
819.3600000000001
824.72
814.2699999999996
800.8300000000004

4492050
13164276
18995887
19744149
22316637
19374463
23545200
33103467
38929746
60669560
48367479
77215953
55285423
59880473
84963698
Seed: 2551


1166.8300000000013
1149.7850000000012
1091.6199999999997
1086.1349999999998
1086.4100000000003
1063.7850000000008
1059.0650000000012
1018.7700000000008
1015.19
1024.94
1030.9650000000006
1031.935
1003.6650000000009
1008.5150000000001
1002.8850000000003

5609080
9875219
19814703
23898626
32591584
30900620
37482829
42161735
40733262
62406155
75553306
64268252
105044521
110954891
112585451
Seed: 5803


913.2450000000002
892.3550000000002
892.8100000000004
898.5200000000004
868.6750000000002
854.0550000000001
854.2150000000003
845.95
856.1349999999995
836.6049999999999
824.1049999999998
822.1549999999993
828.0600000000004
833.3949999999998
828.8099999999996

8475951
9571492
15920064
24971361
18145741
27446257
26614743
32202403
42396931
62474111
79136732
79042604
87660718
99809204
123511081
Seed: 8015


1061.09
1046.1300000000006
1004.965
1000.3149999999999
984.1449999999998
971.2799999999997
986.8749999999999
960.1099999999999
956.1749999999995
961.0300000000003
954.1900000000002
936.9250000000001
920.0950000000003
918.5900000000003
919.4499999999998

5024689
13036534
13248423
20043122
23229631
28579949
46213956
46124452
54619713
57974096
66974198
78094965
76149182
95411948
93881158
Seed: 1294

817.9600000000002
803.855
809.6450000000002
809.6450000000002
805.3850000000002
805.3850000000002
806.2099999999995
791.2849999999995
786.8200000000004
788.9200000000002
790.8100000000007
796.6400000000006
797.0799999999999
797.5900000000004
793.3700000000007

15427203
14149631
26275933
24883118
38363779
37466593
45308790
64792920
46967846
66004287
69143092
70239604
70421322
69585668
88002914
Seed: 2111